4 0.64375 0.700781 0.259375 0.160938
4 0.908594 0.774219 0.185937 0.157813
4 0.589063 0.0664063 0.2625 0.129688
6 0.309375 0.889063 0.28125 0.190625
6 0.4125 0.225 0.24375 0.15
6 0.653906 0.279687 0.292188 0.1625
6 0.192188 0.282813 0.240625 0.14375
6 0.879687 0.358594 0.24375 0.142188
6 0.7125 0.540625 0.25625 0.121875
6 0.222656 0.542969 0.270312 0.139062
6 0.121094 0.658594 0.235938 0.151562
5 0.238281 0.0820313 0.270312 0.154687
4 0.809375 0.120312 0.278125 0.178125
4 0.646875 0.421875 0.25 0.159375
6 0.920313 0.539063 0.1625 0.1375
6 0.625781 0.860156 0.301562 0.182812
6 0.44375 0.347656 0.215625 0.145313
6 0.0921875 0.392969 0.18125 0.173438
6 0.476563 0.519531 0.259375 0.151562
5 0.704687 0.953125 0.275 0.096875
5 0.921875 0.93125 0.159375 0.13125
