6 0.169531 0.788281 0.0453125 0.0484375
6 0.128906 0.761719 0.0390625 0.0453125
10 0.151562 0.328906 0.046875 0.0515625
6 0.840625 0.1125 0.046875 0.046875
6 0.892969 0.248437 0.0421875 0.05
6 0.863281 0.252344 0.0453125 0.0515625
10 0.653125 0.361719 0.046875 0.0453125
6 0.171094 0.417969 0.0546875 0.0515625
6 0.704687 0.814844 0.04375 0.0484375
10 0.985937 0.164063 0.03125 0.06875
10 0.775781 0.858594 0.0484375 0.0515625
4 0.505469 0.247656 0.0484375 0.0515625
6 0.15 0.650781 0.065625 0.0671875
