4 0.567187 0.555469 0.1875 0.157813
6 0.2375 0.357812 0.153125 0.128125
6 0.199219 0.470313 0.167187 0.11875
6 0.236719 0.576563 0.132813 0.1125
6 0.090625 0.550781 0.128125 0.123438
6 0.240625 0.692187 0.1375 0.128125
6 0.474219 0.475781 0.160938 0.126563
4 0.608594 0.0546875 0.157813 0.10625
6 0.459375 0.109375 0.15 0.115625
6 0.520312 0.290625 0.134375 0.1
6 0.350781 0.307031 0.132813 0.114063
6 0.217969 0.203125 0.120312 0.1
4 0.505469 0.679688 0.132813 0.1125
4 0.563281 0.8125 0.170312 0.1125
6 0.926562 0.542188 0.121875 0.1375
6 0.610156 0.171875 0.104687 0.121875
6 0.7875 0.08125 0.10625 0.10625
6 0.803125 0.19375 0.1125 0.09375
6 0.716406 0.364844 0.126563 0.0859375
6 0.739844 0.489062 0.107813 0.1125
6 0.502344 0.932031 0.132813 0.139062
6 0.0320312 0.834375 0.0609375 0.0875
