10 0.108594 0.244531 0.164063 0.182812
10 0.821094 0.271094 0.179688 0.182812
10 0.489062 0.784375 0.140625 0.240625
10 0.432813 0.573438 0.153125 0.190625
10 0.409375 0.378906 0.153125 0.210938
6 0.0992187 0.438281 0.195313 0.260938
6 0.254687 0.310156 0.1625 0.242188
10 0.514844 0.214062 0.192188 0.234375
6 0.675781 0.172656 0.139062 0.201562
6 0.782031 0.461719 0.192188 0.254687
6 0.605469 0.583594 0.201562 0.248437
6 0.326562 0.709375 0.24375 0.290625
6 0.10625 0.651563 0.1875 0.234375
6 0.059375 0.857813 0.115625 0.25
5 0.213281 0.898438 0.220313 0.20625
6 0.657812 0.89375 0.2625 0.215625
6 0.766406 0.724219 0.220313 0.282813
6 0.922656 0.571094 0.157813 0.282813
6 0.911719 0.842188 0.179688 0.3125
6 0.264062 0.5 0.18125 0.196875
