4 0.317187 0.661719 0.18125 0.270312
4 0.266406 0.916406 0.173438 0.170312
4 0.934375 0.550781 0.134375 0.273438
6 0.104687 0.342969 0.20625 0.295312
6 0.771875 0.388281 0.16875 0.254687
6 0.7375 0.632813 0.1875 0.303125
6 0.69375 0.173438 0.1625 0.25
6 0.679688 0.866406 0.1625 0.254687
6 0.482812 0.715625 0.14375 0.265625
6 0.438281 0.228125 0.160938 0.28125
6 0.314844 0.135937 0.170312 0.246875
5 0.899219 0.201562 0.176563 0.28125
4 0.904688 0.774219 0.19375 0.292188
4 0.596094 0.639844 0.179688 0.260938
6 0.501562 0.917969 0.15 0.167187
6 0.157031 0.65625 0.207813 0.315625
6 0.652344 0.428906 0.164063 0.226563
6 0.575 0.0921875 0.1875 0.18125
6 0.483594 0.478906 0.173438 0.270312
5 0.0726563 0.742188 0.120312 0.28125
5 0.111719 0.9375 0.145313 0.128125
