6 0.347656 0.310156 0.170312 0.170312
6 0.347656 0.694531 0.210938 0.248437
6 0.638281 0.590625 0.217187 0.21875
6 0.629687 0.827344 0.165625 0.185937
6 0.885156 0.895312 0.214062 0.2125
6 0.171094 0.300781 0.135937 0.173438
6 0.176563 0.5 0.178125 0.171875
6 0.0539063 0.76875 0.0828125 0.13125
6 0.171875 0.753125 0.15625 0.2
6 0.760938 0.423438 0.16875 0.215625
6 0.967188 0.421094 0.06875 0.207813
6 0.58125 0.104687 0.1375 0.1375
6 0.419531 0.489062 0.132813 0.175
6 0.553906 0.410937 0.179688 0.221875
5 0.814062 0.24375 0.1875 0.196875
5 0.613281 0.278125 0.167187 0.140625
5 0.807031 0.649219 0.126563 0.185937
5 0.361719 0.91875 0.185937 0.165625
