5 0.400781 0.521875 0.0640625 0.090625
5 0.511719 0.6125 0.0609375 0.09375
5 0.658594 0.453906 0.0671875 0.0859375
4 0.399219 0.682031 0.0578125 0.101563
4 0.74375 0.302344 0.059375 0.0953125
4 0.794531 0.853125 0.0484375 0.075
4 0.678125 0.396094 0.05625 0.0671875
5 0.146875 0.947656 0.071875 0.104687
6 0.432813 0.24375 0.065625 0.0875
6 0.403125 0.378906 0.065625 0.0796875
6 0.492188 0.270312 0.046875 0.090625
6 0.271094 0.363281 0.0609375 0.0953125
6 0.2625 0.454688 0.065625 0.090625
6 0.188281 0.533594 0.0671875 0.0921875
6 0.250781 0.632813 0.0640625 0.090625
6 0.308594 0.515625 0.0609375 0.084375
6 0.2625 0.54375 0.065625 0.0875
6 0.505469 0.455469 0.0640625 0.0953125
6 0.614062 0.5125 0.0625 0.0875
6 0.699219 0.55 0.0640625 0.09375
6 0.769531 0.514063 0.0671875 0.09375
6 0.5375 0.320313 0.078125 0.090625
6 0.56875 0.450781 0.06875 0.0828125
6 0.540625 0.535937 0.065625 0.1
6 0.56875 0.604688 0.059375 0.08125
6 0.278906 0.772656 0.0671875 0.101563
6 0.378125 0.817969 0.084375 0.0765625
4 0.459375 0.674219 0.06875 0.104687
6 0.502344 0.814844 0.0734375 0.0984375
6 0.0953125 0.833594 0.059375 0.0890625
6 0.196875 0.898438 0.059375 0.1
5 0.26875 0.911719 0.06875 0.107813
5 0.342969 0.673437 0.0671875 0.090625
5 0.355469 0.917188 0.0671875 0.109375
5 0.428125 0.954687 0.071875 0.09375
5 0.55625 0.9625 0.08125 0.078125
6 0.442187 0.852344 0.065625 0.0921875
6 0.599219 0.802344 0.0765625 0.0984375
6 0.678906 0.66875 0.0734375 0.0875
6 0.683594 0.778125 0.0640625 0.08125
6 0.577344 0.7125 0.0796875 0.1
6 0.546875 0.875 0.071875 0.10625
6 0.359375 0.229687 0.065625 0.090625
6 0.609375 0.333594 0.0625 0.0859375
6 0.692969 0.325 0.0609375 0.09375
5 0.728906 0.386719 0.0796875 0.0921875
5 0.827344 0.482031 0.0578125 0.101563
5 0.171094 0.288281 0.0671875 0.0734375
6 0.103125 0.444531 0.059375 0.0765625
6 0.202344 0.446875 0.0578125 0.08125
6 0.723437 0.226563 0.0625 0.0875
6 0.884375 0.285156 0.0625 0.0984375
6 0.891406 0.480469 0.0578125 0.0859375
6 0.628125 0.588281 0.053125 0.0796875
6 0.619531 0.675781 0.0671875 0.107813
5 0.352344 0.586719 0.0765625 0.0984375
5 0.192188 0.672656 0.0875 0.0984375
5 0.167187 0.759375 0.071875 0.084375
5 0.314063 0.861719 0.065625 0.114063
5 0.436719 0.766406 0.0859375 0.0921875
6 0.328906 0.442187 0.0578125 0.0875
5 0.401563 0.457031 0.090625 0.0734375
5 0.199219 0.20625 0.0703125 0.096875
6 0.151562 0.361719 0.071875 0.0859375
6 0.725781 0.858594 0.0703125 0.0890625
5 0.346094 0.765625 0.0734375 0.096875
