6 0.710156 0.610937 0.0640625 0.0375
6 0.857031 0.472656 0.0671875 0.0453125
6 0.374219 0.599219 0.0765625 0.0546875
6 0.270312 0.789063 0.046875 0.028125
6 0.454688 0.882031 0.040625 0.0296875
6 0.842188 0.207813 0.05 0.040625
6 0.976563 0.466406 0.05 0.0484375
6 0.664844 0.0421875 0.0484375 0.05
6 0.464063 0.229687 0.0625 0.046875
6 0.410156 0.0851562 0.0359375 0.0234375
6 0.43125 0.114844 0.034375 0.0265625
6 0.378906 0.0484375 0.0265625 0.025
6 0.151562 0.317969 0.034375 0.0296875
6 0.071875 0.272656 0.025 0.0203125
6 0.0429688 0.3375 0.0453125 0.03125
6 0.607813 0.46875 0.034375 0.03125
6 0.527344 0.510156 0.0328125 0.0390625
