5 0.115625 0.125781 0.0625 0.0890625
5 0.517969 0.158594 0.0671875 0.0984375
5 0.594531 0.0359375 0.0703125 0.065625
5 0.244531 0.659375 0.0546875 0.084375
5 0.242969 0.739062 0.0578125 0.09375
5 0.448438 0.927344 0.065625 0.101563
5 0.449219 0.784375 0.0640625 0.09375
5 0.7125 0.805469 0.0625 0.0984375
5 0.741406 0.640625 0.0765625 0.121875
10 0.726563 0.189063 0.05625 0.084375
5 0.567187 0.536719 0.071875 0.0921875
5 0.790625 0.34375 0.05625 0.078125
6 0.200781 0.05625 0.0671875 0.0875
6 0.2125 0.173438 0.0625 0.096875
6 0.233594 0.277344 0.0640625 0.0859375
6 0.0921875 0.201562 0.059375 0.06875
6 0.178906 0.275781 0.0578125 0.0828125
6 0.0835937 0.28125 0.0578125 0.075
6 0.096875 0.364844 0.065625 0.0796875
6 0.271875 0.373437 0.075 0.0875
6 0.379687 0.215625 0.065625 0.096875
5 0.319531 0.221094 0.0671875 0.0859375
6 0.670313 0.891406 0.06875 0.0859375
6 0.867188 0.95 0.06875 0.0875
6 0.775781 0.767187 0.0671875 0.1
6 0.372656 0.703906 0.0609375 0.0859375
6 0.26875 0.839844 0.065625 0.0921875
6 0.161719 0.846094 0.0640625 0.0828125
6 0.378906 0.0632813 0.0640625 0.0859375
6 0.458594 0.0601562 0.0640625 0.0890625
6 0.510938 0.0429688 0.0625 0.0828125
6 0.597656 0.09375 0.0671875 0.08125
6 0.753906 0.0773437 0.0546875 0.0703125
6 0.698438 0.09375 0.059375 0.075
6 0.827344 0.0640625 0.0640625 0.1
6 0.935938 0.0867188 0.065625 0.0734375
6 0.903906 0.126563 0.0546875 0.06875
6 0.828125 0.167969 0.071875 0.0640625
6 0.629687 0.236719 0.059375 0.0921875
6 0.207031 0.354688 0.0640625 0.071875
6 0.346094 0.372656 0.0578125 0.0859375
6 0.422656 0.433594 0.0640625 0.0953125
6 0.503125 0.372656 0.06875 0.0921875
6 0.603906 0.428906 0.0703125 0.0890625
6 0.488281 0.249219 0.0609375 0.0859375
6 0.654688 0.39375 0.06875 0.09375
6 0.853906 0.289063 0.0640625 0.096875
6 0.572656 0.677344 0.0609375 0.0953125
6 0.346094 0.539063 0.0703125 0.103125
6 0.211719 0.5 0.0765625 0.10625
6 0.0789063 0.560938 0.0609375 0.0875
6 0.071875 0.446875 0.06875 0.10625
6 0.178906 0.759375 0.0609375 0.096875
6 0.0828125 0.7375 0.08125 0.103125
6 0.053125 0.825781 0.071875 0.0828125
6 0.117188 0.909375 0.065625 0.096875
6 0.280469 0.946094 0.0796875 0.0984375
6 0.347656 0.914844 0.0703125 0.101563
6 0.277344 0.561719 0.0609375 0.0953125
6 0.541406 0.738281 0.0703125 0.0890625
6 0.516406 0.80625 0.0578125 0.0875
6 0.526563 0.882813 0.06875 0.084375
6 0.469531 0.870313 0.0828125 0.090625
6 0.407031 0.514844 0.0828125 0.104687
6 0.3875 0.621094 0.075 0.101563
6 0.934375 0.334375 0.06875 0.1
6 0.824219 0.851563 0.0796875 0.109375
6 0.867969 0.682031 0.0765625 0.0953125
5 0.88125 0.578906 0.078125 0.104687
6 0.964063 0.460938 0.06875 0.1
6 0.853906 0.5 0.0578125 0.084375
6 0.921875 0.760156 0.065625 0.0984375
6 0.913281 0.934375 0.0765625 0.096875
6 0.966406 0.797656 0.0703125 0.117188
6 0.802344 0.255469 0.0671875 0.0796875
5 0.745313 0.532812 0.078125 0.1125
5 0.486719 0.454688 0.0796875 0.09375
6 0.620313 0.7875 0.065625 0.096875
6 0.571094 0.942969 0.0734375 0.0796875
6 0.632031 0.949219 0.0578125 0.104687
6 0.425781 0.314844 0.0578125 0.0921875
6 0.0320312 0.307031 0.0546875 0.0890625
6 0.065625 0.125781 0.059375 0.101563
6 0.121094 0.046875 0.0765625 0.078125
6 0.476563 0.717969 0.075 0.104687
6 0.723437 0.371875 0.075 0.10625
6 0.639063 0.514063 0.071875 0.121875
6 0.142188 0.675781 0.071875 0.0890625
6 0.151562 0.496875 0.059375 0.1
6 0.574219 0.328125 0.0734375 0.09375
6 0.639844 0.669531 0.0703125 0.110937
5 0.79375 0.94375 0.084375 0.1125
6 0.48125 0.55 0.06875 0.109375
4 0.283594 0.470313 0.0671875 0.10625
6 0.294531 0.725 0.0546875 0.1
6 0.686719 0.966406 0.0765625 0.0703125
6 0.775781 0.474219 0.0640625 0.0828125
