6 0.302344 0.358594 0.179688 0.179688
6 0.685938 0.338281 0.259375 0.223438
6 0.597656 0.634375 0.229687 0.228125
6 0.834375 0.6125 0.19375 0.175
6 0.902344 0.864062 0.198437 0.225
6 0.283594 0.182031 0.179688 0.145313
6 0.482812 0.178125 0.18125 0.1875
6 0.744531 0.0429688 0.135937 0.0828125
6 0.735156 0.160156 0.207813 0.167187
6 0.436719 0.764844 0.223438 0.179688
6 0.444531 0.966406 0.210938 0.0703125
6 0.109375 0.603125 0.14375 0.14375
6 0.484375 0.421094 0.18125 0.142188
6 0.414063 0.559375 0.23125 0.190625
5 0.260938 0.828125 0.20625 0.196875
5 0.285156 0.625 0.148438 0.175
5 0.664844 0.799219 0.192188 0.135937
5 0.911719 0.340625 0.176563 0.19375
